168705   6931
168707   6931
168709   6931
168913   6936
168915   6936
168917   6936
168920   6936
169056   6943
169058   6943
169071   6943
169198   6945
169203   6945
169205   6945
169207   6945
169209   6945
169211   6945
169213   6945
169215   6945
169217   6945
169219   6945
169221   6945
169226   6945
169303   6947
169305   6947
169307   6947
169312   6947
169314   6947
169317   6947
169319   6947
169327   6947
169329   6947
169332   6947
169518   6957
169520   6957
169522   6957
169524   6957
169526   6957
169530   6957
169535   6957
169538   6957
169540   6957
169542   6957
169544   6957
169546   6957
169552   6957
169554   6957
169564   6959
169566   6959
169568   6959
169570   6959
169572   6959
169574   6959
169576   6959
169578   6959
169584   6959
169586   6959
169588   6959
169590   6959
169592   6959
169596   6959
169645   6963
169650   6963
169653   6963
169657   6963
169659   6963
169661   6963
169665   6963
169667   6963
169719   6967
169721   6967
169725   6967
169727   6967
169731   6967
169733   6967
169735   6967
169832   6968
169834   6968
169836   6968
169840   6968
169842   6968
169850   6968
169852   6968
169854   6968
169856   6968
169870   6969
169872   6969
169874   6969
169876   6969
169878   6969
169880   6969
169882   6969
169884   6969
169886   6969
170005   6971
170007   6971
170009   6971
170013   6971
170015   6971
170019   6971
170021   6971
170035   6972
170037   6972
170039   6972
170043   6972
170045   6972
170049   6972
170051   6972
170053   6972
170059   6972
170061   6972
170160   6973
170162   6973
170164   6973
170166   6973
170168   6973
170170   6973
170172   6973
170176   6973
170178   6973
170190   6975
170192   6975
170194   6975
170196   6975
170198   6975
170201   6975
170203   6975
170205   6975
170207   6975
170209   6975
170211   6975
170330   6980
170332   6980
170336   6980
170572   6988
170574   6988
170576   6988
170578   6988
170586   6988
170673   6990
170675   6990
170676   6990
170678   6990
170680   6990
170682   6990
170687   6991
170693   6991
170695   6991
170699   6992
170701   6992
170703   6992
170705   6992
170707   6992
170709   6992
170713   6992
170715   6992
170795   6994
170797   6994
170799   6994
170801   6994
170803   6994
170805   6994
170807   6994
170809   6994
170838   6997
170840   6997
170842   6997
170844   6997
170846   6997
170850   6997
170852   6997
170854   6997
170860   6998
170866   6998
170915   6999
170917   6999
170921   7001
170925   7001
170927   7001
170929   7001
170931   7001
170933   7001
170935   7002
170936   7002
170938   7002
170940   7002
171072   7007
171074   7007
171076   7007
171078   7007
171080   7007
171082   7007
171084   7007
171176   7010
171178   7010
171180   7010
171182   7010
171184   7010
171186   7010
171189   7010
171191   7010
171193   7010
171195   7010
171197   7010
171199   7010
171201   7010
171203   7010
171205   7010
171207   7010
171209   7010
171595   7028
171597   7028
171601   7028
171604   7028
171606   7028
171608   7028
171610   7028
171612   7028
171614   7028
171618   7028
171635   7028
171748   7029
171750   7029
171758   7029
171766   7029
171768   7029
171770   7029
171778   7030
171780   7030
171784   7030
171786   7030
171790   7030
171792   7030
171794   7030
171875   7032
171877   7032
171879   7032
171881   7032
172452   7046
172632   7048
172634   7048
172636   7048
172638   7048
172646   7048
172648   7048
172650   7048
172652   7049
172654   7049
172656   7049
172658   7049
172660   7049
172662   7049
172664   7049
172666   7049
172668   7049
172671   7049
172781   7051
172783   7051
172785   7051
172925   7055
172927   7055
172929   7055
172931   7055
172933   7055
172935   7055
173053   7059
173143   7063
173162   7064
173164   7064
173166   7064
173168   7064
173170   7064
173172   7064
173174   7064
173176   7064
173326   7067
173328   7067
173332   7067
173334   7067
173336   7067
173338   7067
173340   7067
173344   7068
173346   7068
173348   7068
173350   7068
173352   7068
173354   7068
173356   7068
173358   7068
173434   7069
173438   7069
173440   7069
173442   7069
173488   7070
173490   7070
173492   7070
173494   7070
173496   7070
173498   7070
173500   7070
173593   7072
173595   7072
173597   7072
173684   7075
173686   7075
173689   7079
173691   7079
173693   7079
173695   7079
173697   7079
173699   7079
173701   7079
173827   7084
173829   7084
173831   7085
173836   7085
173838   7085
173840   7085
173842   7085
173844   7085
173846   7085
173848   7085
173851   7086
173853   7086
173855   7086
173857   7086
173859   7086
173861   7086
173863   7086
173865   7086
173918   7087
173922   7087
173960   7088
173962   7088
173964   7088
173968   7088
173972   7088
173974   7088
173978   7088
173980   7088
173982   7088
173984   7088
173988   7092
173992   7092
174004   7092
174169   7102
174175   7102
174177   7102
174179   7102
174181   7102
174183   7102
174185   7102
174198   7103
174200   7103
174202   7103
174206   7103
174208   7103
174210   7103
174214   7103
174308   7110
174310   7110
174312   7110
174314   7110
174316   7110
174318   7110
174320   7110
174322   7110
174376   7112
174378   7112
174380   7112
174382   7112
174384   7112
174386   7112
174388   7112
174390   7112
174438   7114
174440   7114
174442   7114
174446   7114
174448   7114
174545   7118
174547   7118
174549   7118
174552   7118
174554   7118
174556   7118
174558   7118
174560   7118
174562   7118
174639   7120
174641   7120
174643   7120
174645   7120
174649   7120
174659   7120
174661   7120
174663   7120
174665   7120
174683   7120
174696   7122
174698   7122
174700   7122
174702   7122
174704   7122
174706   7122
174708   7122
174710   7122
174714   7122
174716   7122
174720   7123
174733   7123
174735   7123
174737   7123
174744   7123
174746   7123
174748   7123
174750   7123
174806   7124
174808   7124
174810   7124
174812   7124
174814   7124
174816   7124
174818   7124
174820   7124
174903   7125
174911   7125
174913   7125
174915   7125
174917   7125
174921   7125
174923   7125
175034   7128
175039   7128
175041   7128
175043   7128
175045   7128
175047   7128
175049   7128
175051   7128
175131   7129
175139   7129
175154   7131
175158   7131
175160   7131
175162   7131
175164   7131
175166   7131
175168   7131
175170   7131
175172   7131
175182   7133
175184   7133
175186   7133
175187   7133
175192   7133
175194   7133
175196   7133
175244   7134
175246   7134
175248   7134
175250   7134
175253   7134
175255   7134
175257   7134
175261   7134
175308   7136
175310   7136
175314   7137
175316   7137
175318   7137
175341   7138
175344   7138
175346   7138
175348   7138
175350   7138
175359   7139
175446   7142
175448   7142
175451   7143
175453   7143
175455   7143
175457   7143
175598   7151
175599   7151
175602   7151
175606   7151
175608   7151
175610   7151
175612   7151
175620   7153
175622   7153
175624   7153
175626   7153
175628   7153
175630   7153
175632   7153
175634   7153
175636   7153
175638   7153
175640   7153
175645   7154
175646   7154
175763   7161
175765   7161
175767   7161
175769   7161
175773   7161
175775   7161
175777   7161
175811   7162
175813   7162
175815   7162
175825   7162
175827   7162
175829   7162
175831   7162
175910   7163
175912   7163
175915   7164
175917   7164
175919   7164
175921   7164
175932   7165
175934   7165
175937   7165
175939   7165
175945   7166
175948   7166
175950   7166
175956   7166
175974   7166
175976   7166
175978   7166
176103   7172
176105   7172
176107   7172
176109   7172
176111   7172
176113   7172
176115   7172
176117   7172
176119   7172
176121   7172
176123   7172
176417   7215
176573   7223
176575   7223
176579   7223
176581   7223
176583   7223
176594   7224
176596   7224
176599   7224
176601   7224
176605   7224
176607   7224
176608   7224
176611   7224
176613   7224
176722   7232
176724   7232
176727   7232
176734   7232
176736   7232
176740   7232
176742   7232
176759   7233
176761   7233
176807   7234
176809   7234
176811   7234
176904   7237
176906   7237
176908   7237
176911   7237
176913   7237
176915   7237
176919   7237
176921   7237
176927   7238
176929   7238
176943   7238
176945   7238
176947   7238
177029   7240
177031   7240
177033   7240
177036   7240
177038   7240
177040   7240
177042   7240
177044   7240
177050   7241
177052   7241
177056   7241
177058   7241
177062   7241
177064   7241
177066   7241
177068   7241
177070   7241
177152   7245
177154   7245
177183   7249
177185   7249
177187   7249
177191   7249
177193   7249
177195   7249
177197   7249
177199   7249
177238   7250
177240   7250
177296   7253
177298   7253
177300   7253
177311   7255
177313   7255
177315   7255
177319   7255
177509   7263
177512   7263
177514   7263
177516   7263
177518   7263
177524   7263
177526   7263
177528   7263
177564   7264
177566   7264
177568   7264
177570   7264
177625   7265
177627   7265
177629   7265
177631   7265
177633   7265
177635   7265
177637   7265
177639   7265
177641   7265
177686   7266
177688   7266
177690   7266
177779   7269
177839   7270
177843   7270
177847   7270
177851   7270
177855   7270
177860   7271
177903   7272
177905   7272
177907   7272
177911   7272
177913   7272
177915   7272
177917   7272
177919   7272
177979   7274
178010   7274
178012   7274
178014   7274
178018   7274
178020   7274
178022   7274
178083   7276
178085   7276
178087   7276
178089   7276
178178   7278
178180   7278
178182   7278
178184   7278
178186   7278
178188   7278
178190   7278
178198   7279
178200   7279
178202   7279
178204   7279
178206   7279
178208   7279
178422   7293
178424   7293
178426   7293
178428   7293
178430   7293
178527   7294
178529   7294
178531   7294
178543   7295
178545   7295
178547   7295
178549   7295
178551   7295
178553   7295
178555   7295
178565   7296
178567   7296
178569   7296
178571   7296
178573   7296
178575   7296
178577   7296
178579   7296
178581   7296
178585   7296
178598   7296
178600   7296
178604   7296
178606   7296
178743   7300
178745   7300
178748   7300
178750   7300
178752   7300
178754   7300
178756   7300
178759   7300
178804   7301
178806   7301
178808   7301
178810   7301
178812   7301
178814   7301
178818   7301
178820   7301
178823   7301
178825   7301
178911   7302
178913   7302
178918   7302
178920   7302
178922   7302
178928   7302
178930   7302
178932   7302
178934   7302
178936   7302
178938   7302
178940   7302
178942   7302
178944   7302
178946   7302
178948   7302
178986   7303
178988   7303
178990   7303
178995   7303
178997   7303
178999   7303
179006   7303
179008   7303
179013   7303
179064   7304
179066   7304
179068   7304
179070   7304
179072   7304
179074   7304
179076   7304
179078   7304
179080   7304
179092   7304
179094   7304
179098   7304
179100   7304
179102   7304
179104   7304
179145   7305
179147   7305
179152   7305
179155   7305
179157   7305
179159   7305
179161   7305
179163   7305
179165   7305
179167   7305
179169   7305
179216   7306
179218   7306
179220   7306
179222   7306
179224   7306
179226   7306
179228   7306
179310   7308
179315   7308
179317   7308
179319   7308
179321   7308
179323   7308
179328   7308
179377   7311
179379   7311
179381   7311
179383   7311
179386   7311
179559   7317
179561   7317
179571   7317
179573   7317
179576   7317
179578   7317
179580   7317
179586   7318
179588   7318
179590   7318
179592   7318
179594   7318
179596   7318
179598   7318
179600   7318
179601   7318
179603   7318
179686   7319
179688   7319
179690   7319
179692   7319
179694   7319
179696   7319
179698   7319
179700   7319
179704   7320
179706   7320
179708   7320
179710   7320
179712   7320
179714   7320
179717   7320
179719   7320
179809   7325
179811   7325
179813   7325
179815   7325
179818   7325
179821   7325
179824   7325
179829   7325
179833   7325
179838   7327
179840   7327
179842   7327
179844   7327
179846   7327
190454   7622
190456   7622
190457   7622
190458   7622
190459   7622
190460   7622
190461   7622
190465   7622
190466   7622
190467   7622
190468   7622
190770   7627
190771   7627
190772   7627
190773   7627
190774   7627
190776   7627
190777   7627
190778   7627
190891   7630
190892   7630
190894   7630
190895   7630
190896   7630
190897   7630
190953   7632
190954   7632
190955   7632
190956   7632
190958   7632
190960   7632
190962   7632
190966   7632
190967   7632
190970   7632
190972   7632
190973   7632
190974   7632
191068   7637
191070   7637
191071   7637
191072   7637
191073   7637
191074   7637
191075   7637
191076   7637
191077   7637
191079   7637
191093   7639
191095   7639
191097   7639
191098   7639
191099   7639
191100   7639
191103   7639
191104   7639
191105   7639
191107   7639
191109   7639
191110   7639
191112   7639
191215   7641
191216   7641
191219   7641
191221   7641
191229   7641
191309   7642
191311   7642
191320   7642
191367   7645
191368   7645
191370   7645
191371   7645
191372   7645
191373   7645
191411   7646
191413   7646
191414   7646
191417   7646
191499   7651
191500   7651
191501   7651
191503   7651
191504   7651
191549   7652
191556   7652
191629   7654
191630   7654
191632   7654
191633   7654
191634   7654
191652   7655
191653   7655
191656   7655
191663   7655
191665   7655
191677   7655
191693   7655
191695   7655
191753   7657
191754   7657
191755   7657
191756   7657
191762   7658
191763   7658
191768   7658
191928   7662
191929   7662
191931   7662
191932   7662
191933   7662
191934   7662
191935   7662
191936   7662
191937   7662
192488   7671
192489   7671
192496   7671
192497   7671
192498   7671
192503   7671
192505   7671
192644   7672
192648   7672
192649   7672
192650   7672
192651   7672
192653   7672
192654   7672
192656   7672
192657   7672
192666   7673
192667   7673
192668   7673
192669   7673
192672   7673
192673   7673
192675   7673
192676   7673
192678   7673
192869   7681
192878   7681
192879   7681
192880   7681
192881   7681
192882   7681
192896   7682
192907   7685
192909   7685
192910   7685
192911   7685
192912   7685
192999   7688
193024   7688
193025   7688
193026   7688
193034   7688
193035   7688
193045   7689
193046   7689
193051   7690
193053   7691
193054   7691
193055   7691
193056   7691
193057   7691
193058   7691
193059   7691
193063   7691
193064   7691
193065   7691
193066   7691
193067   7691
193142   7697
193146   7697
193147   7697
193191   7699
193192   7699
193194   7699
193197   7699
193198   7699
193568   7710
193569   7710
193570   7710
193576   7711
193577   7711
193578   7711
193581   7712
193582   7712
193583   7712
193584   7712
194306   7718
194307   7718
194312   7718
194313   7718
194314   7718
194315   7718
194316   7718
194317   7718
194320   7718
194321   7718
194450   7722
194451   7722
194454   7722
194455   7722
194456   7722
194457   7722
194458   7722
194497   7724
194498   7724
194499   7724
194500   7724
194501   7724
194502   7724
194503   7724
194504   7724
194505   7724
194516   7725
194517   7725
194522   7725
194523   7725
194524   7725
194526   7725
194527   7725
194528   7725
194529   7725
194531   7725
194569   7729
194570   7729
194575   7729
194576   7729
194577   7729
194578   7729
194579   7729
194580   7729
194581   7729
194744   7739
194745   7739
194746   7739
194748   7739
194760   7740
194762   7740
194763   7740
194764   7740
194766   7740
194767   7740
194772   7740
194773   7740
194775   7740
194776   7740
194777   7740
194780   7740
194781   7740
194782   7740
194794   7744
194797   7744
194798   7744
194799   7744
194801   7744
194802   7744
194803   7744
194804   7744
194806   7744
194925   7745
194927   7745
194928   7745
194929   7745
194930   7745
195690   7753
195692   7753
195693   7753
195694   7753
195696   7753
195697   7753
195880   7756
195884   7756
195895   7756
195900   7756
195901   7756
195902   7756
195903   7756
197224   7766
197226   7766
197230   7766
197231   7766
197232   7766
197233   7766
197389   7772
197390   7772
197391   7772
197396   7772
197400   7772
197401   7772
197402   7772
197408   7772
197409   7772
197418   7772
197517   7775
197520   7775
197521   7775
197522   7775
197523   7775
197524   7775
197525   7775
197541   7777
197743   7780
197758   7780
197762   7780
197763   7780
197764   7780
197765   7780
197766   7780
197767   7780
197768   7780
197769   7780
197771   7780
197772   7780
197774   7780
197789   7781
197791   7781
197793   7781
197794   7781
197795   7781
198061   7785
198063   7785
198064   7785
198134   7786
198136   7786
198137   7786
198138   7786
198156   7788
198158   7788
198159   7788
198160   7788
198161   7788
198162   7788
198164   7788
198165   7788
198167   7788
198168   7788
198169   7788
198170   7788
198171   7788
198172   7788
198173   7788
198175   7789
198176   7789
198178   7789
198179   7789
198180   7789
198181   7789
198182   7789
198183   7789
198298   7790
198299   7790
198301   7790
198302   7790
198303   7790
198306   7790
198307   7790
198308   7790
198309   7790
198355   7791
198356   7791
198357   7791
198358   7791
198359   7791
198360   7791
198361   7791
198362   7791
198377   7792
198378   7792
198379   7792
198383   7792
198384   7792
198385   7792
198386   7792
198387   7792
198389   7792
198390   7792
198393   7792
198438   7794
198440   7794
198441   7794
198442   7794
198443   7794
198444   7794
198445   7794
198491   7795
198492   7795
198493   7795
198494   7795
198495   7795
198500   7796
198501   7796
198502   7796
198503   7796
198508   7796
198509   7796
198511   7796
198565   7797
198566   7797
198567   7797
198568   7797
198569   7797
198570   7797
198571   7797
198572   7797
198575   7797
198576   7797
198625   7800
198626   7800
198627   7800
198628   7800
198635   7800
198719   7801
198727   7803
198731   7803
198742   7803
198748   7803
198749   7803
198750   7803
198751   7803
198752   7803
198755   7803
198756   7803
198759   7804
198760   7804
198761   7804
198846   7805
198847   7805
198849   7805
198970   7810
198975   7810
198976   7810
198977   7810
198979   7810
198980   7810
198981   7810
198982   7810
199104   7811
199105   7811
199106   7811
199107   7811
199114   7812
199115   7812
199117   7812
199136   7815
199139   7815
199140   7815
199141   7815
199142   7815
199143   7815
199144   7815
199145   7815
199230   7817
199231   7817
199238   7817
199240   7817
199241   7817
199242   7817
199244   7817
199245   7817
199248   7817
199265   7820
199266   7820
199267   7820
199268   7820
199269   7820
199270   7820
199271   7820
199272   7820
199273   7820
199366   7823
199368   7823
199369   7823
199372   7823
199373   7823
199374   7823
199376   7823
199377   7823
199378   7823
199379   7823
199380   7823
199381   7823
199427   7824
199429   7824
199430   7824
199431   7824
199432   7824
199433   7824
199434   7824
199435   7824
199485   7825
199486   7825
199487   7825
199488   7825
199489   7825
199490   7825
199491   7825
199492   7825
199493   7825
199497   7826
199498   7826
199499   7826
199500   7826
199501   7826
199502   7826
199503   7826
199504   7826
199505   7826
199506   7826
199542   7827
199543   7827
199545   7827
199639   7830
199640   7830
199641   7830
199642   7830
199653   7830
199654   7830
199655   7830
199662   7831
199663   7831
199664   7831
199665   7831
199666   7831
199669   7831
199670   7831
199753   7833
199760   7833
199761   7833
199762   7833
199763   7833
199767   7833
200240   7847
200243   7847
200244   7847
200245   7847
200247   7847
200252   7847
200253   7847
200254   7847
200255   7847
200357   7850
200358   7850
200367   7850
200368   7850
200370   7850
200371   7850
200372   7850
200373   7850
200397   7851
200398   7851
200399   7851
200400   7851
200401   7851
200402   7851
200403   7851
200450   7852
200451   7852
200452   7852
200453   7852
200454   7852
200456   7852
200457   7852
200458   7852
200459   7852
200460   7852
200461   7852
200463   7852
200584   7853
200585   7853
200586   7853
200587   7853
200673   7855
200674   7855
200675   7855
200676   7855
200677   7855
200678   7855
200679   7855
200689   7856
200690   7856
200691   7856
200692   7856
200693   7856
200695   7856
200697   7856
200698   7856
200699   7856
200700   7856
200785   7858
200786   7858
200787   7858
200788   7858
200789   7858
200793   7858
200794   7858
200795   7858
200803   7858
200806   7858
200888   7860
200890   7860
200891   7860
200892   7860
200893   7860
200894   7860
200895   7860
200896   7860
200897   7860
200992   7863
200994   7863
201001   7863
201009   7863
201013   7863
201017   7863
201026   7863
201030   7863
201031   7863
201036   7864
201037   7864
201038   7864
201039   7864
201126   7865
201128   7865
201131   7865
201230   7871
201231   7871
201232   7871
201234   7871
201235   7871
201237   7871
201242   7871
201244   7871
201247   7871
201249   7871
201333   7872
201337   7872
201338   7872
201468   7883
201469   7883
201472   7883
201476   7883
201489   7883
201504   7883
201537   7883
201690   7886
201693   7886
201696   7886
201708   7886
201713   7886
201715   7886
201716   7886
201717   7886
201719   7886
201720   7886
201721   7886
201726   7887
201743   7887
201756   7887
201762   7887
201867   7889
201869   7889
201870   7889
201872   7889
201876   7889
201880   7889
201881   7889
201883   7889
201885   7889
201886   7889
201892   7890
201893   7890
201894   7890
201895   7890
202004   7891
202005   7891
202006   7891
202007   7891
202008   7891
202009   7891
202011   7891
202015   7892
202018   7892
202019   7892
202021   7892
202022   7892
202023   7892
202024   7892
202025   7892
202026   7892
202027   7892
202029   7892
202044   7893
202045   7893
202049   7893
202165   7896
202166   7896
202168   7896
202169   7896
202170   7896
202172   7896
202174   7896
202175   7896
202178   7896
202179   7896
202185   7896
202188   7896
202189   7896
202192   7896
202273   7898
202279   7898
202287   7898
202294   7898
202320   7898
202325   7898
202336   7898
202340   7898
202341   7898
202346   7898
202347   7898
202427   7901
202428   7901
202708   7908
202709   7908
202711   7908
202712   7908
202713   7908
202714   7908
202716   7908
202727   7908
202728   7908
202729   7908
202922   7909
202929   7909
202930   7909
202967   7909
202968   7909
202969   7909
202970   7909
203005   7911
203008   7911
203011   7911
203091   7913
203092   7913
203094   7913
203095   7913
203104   7915
203105   7915
203112   7915
203113   7915
203114   7915
203118   7915
203125   7916
203128   7916
203129   7916
203131   7916
203133   7916
203134   7916
203250   7918
203251   7918
203252   7918
203253   7918
203264   7918
203265   7918
203266   7918
203273   7918
203274   7918
203276   7918
203310   7921
203314   7921
203319   7921
203320   7921
203321   7921
203322   7921
203324   7921
203325   7921
203363   7922
203364   7922
203367   7922
203463   7926
203464   7926
203465   7926
203471   7926
203472   7926
204176   7944
204178   7944
204179   7944
204353   7949
204354   7949
204356   7949
204357   7949
204358   7949
204360   7949
204361   7949
204362   7949
204363   7949
204364   7949
204366   7949
204491   7952
204492   7952
204494   7952
204495   7952
204497   7952
204499   7952
204500   7952
204502   7952
204504   7952
204506   7952
204507   7952
204508   7952
204513   7952
204514   7952
204515   7952
204601   7954
204602   7954
204607   7954
204608   7954
204609   7954
204610   7954
204611   7954
204612   7954
204613   7954
204618   7954
204625   7957
204626   7957
204627   7957
204628   7957
204630   7957
204632   7957
204633   7957
204634   7957
204636   7957
204637   7957
204638   7957
204639   7957
256450   9880
256451   9880
256452   9880
256454   9880
256541   9884
256543   9884
256544   9884
256545   9884
256546   9884
256548   9884
256549   9884
256565   9885
256566   9885
256568   9885
256569   9885
256570   9885
256571   9885
256719   9888
256720   9888
256721   9888
256725   9888
256736   9890
256737   9890
256989   9897
256990   9897
257001   9898
257002   9898
257003   9898
257004   9898
257046   9902
257048   9902
257051   9902
257054   9902
257080   9905
257083   9905
257084   9905
257085   9905
257123   9906
257124   9906
257125   9906
257126   9906
257130   9906
257131   9906
257132   9906
257151   9909
257157   9909
257159   9909
257275   9910
257323   9919
257324   9919
257326   9919
257327   9919
257329   9919
257330   9919
257331   9919
257333   9920
257335   9920
257336   9920
257337   9920
257338   9920
257339   9920
257409   9935
257410   9935
257411   9935
257412   9935
257414   9935
257415   9935
257454   9936
257473   9937
257477   9937
257478   9937
257479   9937
257480   9937
257495   9938
257497   9938
257498   9938
257500   9938
257501   9938
257509   9939
257510   9939
257511   9939
257512   9939
257513   9939
257514   9939
257519   9940
257520   9940
257521   9940
257522   9940
257525   9940
257526   9940
257528   9940
257529   9940
257645   9942
257648   9942
257650   9942
257651   9942
257652   9942
257654   9942
257655   9942
257792   9947
257793   9947
257794   9947
257797   9947
257798   9947
257799   9947
257802   9947
257803   9947
257840   9948
257841   9948
257842   9948
257843   9948
257844   9948
257848   9948
257850   9948
257851   9948
257920   9949
257927   9949
257928   9949
257929   9949
257930   9949
257931   9949
257936   9949
257937   9949
257939   9949
257940   9949
257947   9951
257948   9951
257953   9951
257954   9951
258249   9965
258250   9965
258251   9965
258253   9965
258254   9965
258255   9965
258256   9965
258257   9965
258258   9965
258260   9966
258262   9966
258263   9966
258264   9966
258265   9966
258266   9966
258267   9966
258268   9966
258269   9966
258385   9971
258386   9971
258387   9971
258388   9971
258389   9971
258390   9971
258391   9971
258392   9971
258393   9971
258394   9971
258396   9971
258489   9972
258490   9972
258491   9972
258493   9972
258495   9972
258496   9972
258497   9972
258498   9972
258499   9972
258503   9973
258505   9973
258506   9973
258507   9973
258509   9973
258510   9973
258511   9973
258512   9973
258513   9973
258634   9974
258648   9975
258649   9975
258650   9975
258651   9975
258652   9975
258653   9975
258654   9975
258655   9975
258664   9977
258666   9977
258668   9977
258669   9977
258676   9977
258677   9977
258678   9977
258794   9978
258795   9978
258796   9978
258797   9978
258798   9978
258800   9978
258801   9978
258807   9979
258809   9979
258811   9979
258812   9979
258813   9979
258814   9979
258815   9979
258818   9979
258819   9979
258942   9980
258943   9980
258944   9980
258945   9980
258946   9980
258949   9980
258951   9980
258952   9980
258959   9981
258961   9981
258962   9981
258963   9981
258964   9981
258966   9981
258967   9981
258968   9981
258969   9981
259040   9986
259041   9986
259042   9986
259043   9986
259044   9986
259051   9986
259052   9986
259053   9986
259057   9986
259058   9986
259059   9986
259060   9986
259116   9989
259117   9989
259118   9989
259123   9989
259124   9989
259127   9989
259128   9989
259129   9989
259252   9990
259253   9990
259254   9990
259255   9990
259256   9990
259257   9990
259258   9990
259259   9990
259262   9990
259276   9991
259277   9991
259278   9991
259279   9991
259280   9991
259281   9991
259282   9991
259284   9991
259285   9991
259286   9991
259288   9991
259289   9991
259365   9992
259367   9992
259368   9992
259369   9992
259370   9992
259371   9992
259372   9992
259465   9996
259466   9996
259467   9996
259470   9996
259472   9996
259474   9996
259476   9996
259484   9997
259488   9997
259489   9997
259491   9997
259492   9997
259493   9997
259499   9997
259556   9998
259557   9998
259560   9998
259561   9998
259562   9998
259563   9998
259564   9998
259565   9998
259567   10000
259568   10000
259569   10000
259570   10000
259571   10000
259575   10000
